1 56
2 31
3 40
4 46
5 51
6 53
7 60
8 61
9 75
10 79
11 72
12 88
13 87
14 89
15 102
16 102
17 106
18 123
19 123
20 128
21 143
22 131
23 135
24 155
25 163
26 157
27 176
28 177
29 181
30 176
31 183
32 189
33 193
34 202
35 207
36 214
37 219
38 260
39 258
40 264
41 267
42 277
43 278
44 289
45 293
46 298
47 305
48 308
49 317
50 323
51 328
52 335
53 342
54 425
55 552
56 561
57 570
58 579
59 591
60 597
61 606
62 484
63 397
64 409
65 411
66 415
67 538
68 681
69 678
70 686
71 760
72 704
73 714
74 723
75 732
76 775
77 749
78 765
79 833
80 1008
81 824
82 795
83 806
84 812
85 822
86 832
87 842
88 850
89 859
90 866
91 874
92 885
93 892
94 802
95 767
96 775
97 743
98 716
99 722
100 730
101 735
102 743
103 748
104 659
105 642
106 650
107 652
108 661
109 661
110 670
111 675
112 684
113 686
114 694
115 699
116 766
117 710
118 714
119 720
120 730
121 733
122 737
123 742
124 749
125 759
126 774
127 766
128 773
129 777
130 785
131 791
132 797
133 799
134 808
135 814
136 820
137 827
138 833
139 836
140 843
141 857
142 874
143 868
144 868
145 872
146 879
147 883
148 888
149 895
150 900
151 903
152 907
153 919
154 1320
155 956
156 977
157 1055
158 1147
159 1053
160 1074
161 967
162 970
163 981
164 985
165 1006
166 991
167 1003
168 1061
169 1357
170 1358
171 1030
172 1061
173 1039
174 1052
175 1045
176 1054
177 1053
178 1059
179 1063
180 1072
181 1079
182 1083
183 1089
184 1093
185 1101
186 1103
187 1110
188 1122
189 1122
190 1135
191 1138
192 1143
193 1148
194 1155
195 1238
196 1165
197 1173
198 1179
199 1186
200 1191
201 1192
202 1199
203 1203
204 1211
205 1216
206 1225
207 1225
208 1235
209 1243
210 1247
211 1251
212 1257
213 1277
214 1374
215 1388
216 1387
217 1401
218 1404
219 1411
220 1416
221 1425
222 1430
223 1433
224 1429
225 1362
226 1456
227 1343
228 1349
229 1358
230 1359
231 1366
232 1372
233 1377
234 1382
235 1386
236 1395
237 1401
238 1407
239 1412
240 1416
241 1424
242 1428
243 1435
244 1444
245 1446
246 1454
247 1458
248 1464
249 1470
250 1475
251 1481
252 1486
253 1491
254 1497
255 1504
256 1511
257 1514
258 1518
259 1530
260 1533
261 1580
262 1546
263 1554
264 1553
265 1560
266 1568
267 1573
268 1577
269 1583
270 1590
271 1596
272 1603
273 1611
274 1613
275 1621
276 1624
277 1678
278 1783
279 1644
280 1652
281 1656
282 1661
283 1666
284 1673
285 1677
286 1680
287 1689
288 1693
289 1756
290 1758
291 1715
292 1715
293 1724
294 1728
295 1732
296 1739
297 1746
298 1750
299 1757
300 1762
301 1770
302 1775
303 1783
304 1788
305 1793
306 3057
307 1805
308 1810
309 1814
310 1825
311 1826
312 1833
313 1839
314 1842
315 1851
316 1855
317 1862
318 1869
319 1871
320 1880
321 1883
322 1891
323 1893
324 1901
325 1908
326 1915
327 1918
328 2033
329 2248
330 2432
331 2458
332 2479
333 2478
334 2481
335 2402
336 2388
337 2405
338 2399
339 2402
340 2404
341 2439
342 2434
343 2452
344 2432
345 2437
346 2487
347 2465
348 2471
349 2469
350 2489
351 2510
352 2516
353 2490
354 2169
355 2189
356 2438
357 2286
358 2327
359 2374
360 2323
361 2120
362 2154
363 2394
364 3072
365 2188
366 2234
367 2228
368 2163
369 2162
370 2166
371 2172
372 2178
373 2185
374 2189
375 2195
376 2204
377 2209
378 2212
379 2220
380 2229
381 2233
382 2237
383 2244
384 2247
385 2255
386 2262
387 2273
388 2273
389 2278
390 2287
391 2293
392 2294
393 2301
394 2305
395 2312
396 2359
397 2777
398 2771
399 2780
400 2787
401 2797
402 2799
403 2807
404 2814
405 2423
406 2377
407 2381
408 2389
409 2394
410 2395
411 2404
412 2411
413 2413
414 2425
415 2429
416 2435
417 2441
418 2445
419 2454
420 2456
421 2465
422 2467
423 2471
424 2483
425 2483
426 2491
427 2498
428 2502
429 2507
430 2513
431 2520
432 2530
433 2532
434 2534
435 2544
436 2549
437 2552
438 2559
439 2565
440 2655
441 2575
442 2580
443 2588
444 2593
445 2597
446 2606
447 2612
448 2614
449 2622
450 2629
451 2635
452 2641
453 2643
454 2649
455 2661
456 2667
457 2672
458 2676
459 2681
460 2686
461 2694
462 2697
463 2704
464 2709
465 2713
466 2722
467 2727
468 2735
469 2737
470 2745
471 2748
472 2755
473 2762
474 2768
475 2774
476 2775
477 2783
478 2789
479 2797
480 2805
481 2808
482 2814
483 2820
484 2823
485 2828
486 2836
487 2845
488 2928
489 2857
490 2860
491 2862
492 2870
493 2878
494 2882
495 2891
496 2894
497 2900
498 2944
499 2928
500 2914
501 2925
502 2929
503 3243
504 2941
505 4851
506 5255
507 3633
508 3657
509 3691
510 3653
511 3657
512 3667
513 3702
514 3679
515 3712
516 3676
517 3642
518 3710
519 3763
520 3792
521 3778
522 3786
523 3828
524 4682
525 4435
526 3867
527 3834
528 3849
529 3833
530 3853
531 3893
532 3881
533 3890
534 3896
535 3946
536 3909
537 3918
538 3925
539 3846
540 4110
541 3918
542 3963
543 3967
544 3986
545 3476
546 3686
547 3719
548 3651
549 3199
550 3205
551 3212
552 3217
553 3223
554 3227
555 3233
556 3240
557 3246
558 3254
559 3259
560 3262
561 3267
562 3274
563 3281
564 3284
565 3293
566 3301
567 3303
568 3309
569 3316
570 3321
571 3326
572 3331
573 3339
574 3344
575 3352
576 3356
577 7265
578 3860
579 3953
580 3820
581 3958
582 3982
583 3936
584 3922
585 3918
586 3999
587 3788
588 3799
589 3866
590 3764
591 3711
592 3727
593 3784
594 3740
595 3787
596 3710
597 3477
598 3482
599 3487
600 3495
601 3502
602 3510
603 3515
604 3517
605 1924
606 3526
607 3533
608 3538
609 3545
610 3553
611 3556
612 3560
613 3569
614 3573
615 3580
616 3585
617 3592
618 3598
619 3604
620 3612
621 3617
622 3621
623 3626
624 3634
625 3636
626 3655
627 3695
628 3666
629 3664
630 3686
631 3669
632 3678
633 3683
634 3699
635 3695
636 3702
637 3709
638 4335
639 3827
640 3778
641 3768
642 3738
643 3782
644 4754
645 4394
646 4063
647 3880
648 3902
649 3806
650 3783
651 3784
652 3794
653 15996
654 4044
655 3814
656 3821
657 3822
658 3829
659 4037
660 3839
661 3848
662 3853
663 3860
664 3867
665 3869
666 3873
667 3889
668 3884
669 3892
670 3898
671 3905
672 3913
673 3915
674 3918
675 3927
676 3936
677 3940
678 3952
679 3949
680 3956
681 3970
682 3967
683 3973
684 3977
685 3980
686 4067
687 4067
688 4090
689 4007
690 4011
691 4017
692 4025
693 4030
694 4034
695 4041
696 4183
697 4052
698 4054
699 4068
700 4068
701 4076
702 4085
703 4085
704 4898
705 4234
706 4106
707 4109
708 4114
709 4123
710 4130
711 4241
712 4137
713 4144
714 4148
715 4155
716 4161
717 4167
718 4172
719 4212
720 4227
721 4257
722 4201
723 4202
724 4207
725 4216
726 4219
727 4225
728 4231
729 4378
730 4243
731 4249
732 4251
733 4261
734 4263
735 4272
736 4277
737 4284
738 4290
739 4294
740 4301
741 4308
742 4313
743 4317
744 4325
745 4380
746 4332
747 4366
748 4390
749 4361
750 4377
751 4364
752 4371
753 4374
754 4381
755 4381
756 4406
757 4439
758 4425
759 4408
760 4484
761 4423
762 4431
763 4435
764 4530
765 4447
766 4451
767 4456
768 4465
769 4467
770 4474
771 4481
772 4486
773 11754
774 4494
775 4794
776 4968
777 5536
778 4760
779 4864
780 4802
781 4544
782 4551
783 4649
784 4655
785 4558
786 4567
787 4569
788 4574
789 4583
790 4590
791 4598
792 4600
793 4605
794 4610
795 4615
796 4623
797 4646
798 4633
799 4642
800 4645
801 4654
802 4656
803 4661
804 4666
805 9401
806 4751
807 4686
808 4689
809 4700
810 4705
811 4935
812 5357
813 5363
814 5366
815 5382
816 5382
817 5388
818 5392
819 5403
820 5413
821 5414
822 5429
823 5172
824 4806
825 4875
826 4817
827 5465
828 5457
829 4848
830 4879
831 4925
832 4832
833 4836
834 4840
835 19441
836 4929
837 4857
838 4863
839 4871
840 5017
841 4878
842 4895
843 4890
844 4903
845 4911
846 4908
847 4916
848 4922
849 4929
850 4934
851 4938
852 4943
853 5060
854 4984
855 4963
856 4969
857 4975
858 4986
859 4989
860 4991
861 4996
862 5001
863 5008
864 5013
865 5021
866 5108
867 5154
868 5039
869 5046
870 5050
871 5058
872 5063
873 5070
874 5074
875 5077
876 5082
877 5123
878 5097
879 5109
880 5104
881 5113
882 5116
883 5124
884 5128
885 5142
886 5139
887 5145
888 5167
889 5448
890 6364
891 5676
892 5520
893 5326
894 6099
895 5990
896 5967
897 5264
898 5309
899 5330
900 5222
901 5227
902 5237
903 5237
904 5244
905 5250
906 5255
907 5272
908 5264
909 5279
910 5281
911 5285
912 5292
913 5299
914 5304
915 5310
916 5314
917 5320
918 5911
919 5331
920 5342
921 18777
922 5349
923 5353
924 5364
925 5363
926 5372
927 5377
928 5381
929 5386
930 5394
931 5402
932 5404
933 5410
934 5419
935 5424
936 5427
937 5436
938 5479
939 5448
940 5451
941 5461
942 5466
943 5672
944 5477
945 5480
946 5490
947 5493
948 5498
949 5507
950 5510
951 5514
952 5523
953 5526
954 5533
955 5536
956 5543
957 5553
958 5557
959 5563
960 5566
961 5574
962 5580
963 5584
964 5593
965 5695
966 5709
967 5605
968 5612
969 5619
970 5624
971 5632
972 5636
973 5645
974 5648
975 5654
976 5658
977 5663
978 5676
979 5770
980 5690
981 5691
982 5766
983 5701
984 5707
985 5720
986 5718
987 5725
988 5733
989 5737
990 5854
991 5751
992 5757
993 5762
994 5766
995 5775
996 5780
997 5787
998 5789
999 5791
1000 5826
