1 110
2 47
3 52
4 63
5 68
6 48
7 56
8 71
9 73
10 68
11 81
12 81
13 80
14 86
15 105
16 99
17 107
18 138
19 118
20 121
21 124
22 132
23 132
24 137
25 145
26 152
27 157
28 163
29 162
30 166
31 279
32 286
33 245
34 267
35 271
36 284
37 293
38 310
39 324
40 335
41 297
42 318
43 335
44 354
45 353
46 361
47 376
48 392
49 389
50 368
51 360
52 393
53 381
54 404
55 408
56 424
57 436
58 432
59 421
60 440
61 458
62 461
63 470
64 520
65 465
66 487
67 494
68 496
69 497
70 511
71 567
72 553
73 554
74 544
75 558
76 553
77 581
78 577
79 571
80 583
81 601
82 622
83 621
84 592
85 611
86 603
87 586
88 655
89 670
90 656
91 658
92 678
93 679
94 705
95 680
96 693
97 711
98 719
99 732
100 730
101 737
102 738
103 731
104 758
105 751
106 767
107 768
108 771
109 786
110 801
111 800
112 797
113 811
114 830
115 865
116 830
117 852
118 895
119 872
120 884
121 919
122 883
123 854
124 869
125 1088
126 733
127 734
128 688
129 699
130 700
131 710
132 711
133 845
134 892
135 731
136 731
137 740
138 747
139 751
140 759
141 761
142 769
143 773
144 778
145 787
146 827
147 869
148 889
149 864
150 1000
151 1045
152 1009
153 828
154 830
155 947
156 835
157 843
158 850
159 858
160 855
161 864
162 873
163 874
164 876
165 886
166 889
167 897
168 898
169 904
170 907
171 913
172 926
173 920
174 930
175 933
176 936
177 946
178 952
179 950
180 957
181 964
182 964
183 969
184 977
185 986
186 983
187 992
188 997
189 1002
190 1010
191 1013
192 1017
193 1022
194 1033
195 1036
196 1042
197 1040
198 1075
199 1058
200 1062
201 1069
202 1071
203 1081
204 1084
205 1092
206 1098
207 1100
208 1105
209 1114
210 1113
211 1120
212 1183
213 1163
214 1137
215 1143
216 1144
217 1151
218 1272
219 1157
220 1162
221 1175
222 1179
223 1183
224 1189
225 1192
226 1190
227 1197
228 1456
229 1442
230 1218
231 1226
232 1230
233 1231
234 1341
235 1291
236 1246
237 1249
238 1257
239 1265
240 1269
241 1278
242 1278
243 1285
244 1291
245 1294
246 1304
247 1302
248 1311
249 1312
250 1317
251 1328
252 1331
253 1336
254 1341
255 1347
256 1434
257 1356
258 1358
259 1361
260 1366
261 1372
262 1383
263 1380
264 1386
265 1393
266 1403
267 1406
268 1414
269 1419
270 1425
271 1429
272 1433
273 1431
274 1438
275 1446
276 1451
277 1461
278 1463
279 1469
280 1473
281 1479
282 1482
283 1490
284 1497
285 1499
286 1498
287 1511
288 1515
289 1511
290 1520
291 1531
292 1536
293 1544
294 1548
295 1550
296 1554
297 1557
298 1566
299 1564
300 1572
301 1579
302 1586
303 1591
304 1595
305 1602
306 1608
307 1606
308 1617
309 1616
310 1629
311 1630
312 1638
313 1642
314 1645
315 1649
316 1657
317 1663
318 1665
319 1670
320 1673
321 1688
322 1684
323 1697
324 1698
325 1699
326 1706
327 1708
328 1718
329 1719
330 1726
331 1761
332 1861
333 1742
334 1752
335 2094
336 2192
337 1860
338 1771
339 1775
340 1782
341 1784
342 1783
343 1793
344 1797
345 1803
346 1807
347 1862
348 2017
349 1828
350 1830
351 1836
352 1835
353 1841
354 1844
355 1852
356 1864
357 1871
358 2045
359 2523
360 2448
361 2644
362 2332
363 2064
364 2001
365 2100
366 2182
367 2268
368 2005
369 2011
370 2017
371 2017
372 2030
373 2033
374 2074
375 2180
376 2043
377 2048
378 2052
379 2058
380 2166
381 2202
382 2078
383 2086
384 2087
385 2093
386 2095
387 2103
388 2113
389 2121
390 2123
391 2127
392 2128
393 2135
394 2141
395 2149
396 2148
397 2162
398 2162
399 2167
400 2173
401 2179
402 2181
403 2185
404 2197
405 2202
406 2206
407 2216
408 2216
409 2221
410 2225
411 2227
412 2236
413 2239
414 2245
415 2247
416 2260
417 2265
418 2264
419 2226
420 2190
421 2193
422 2195
423 3034
424 2203
425 2215
426 2229
427 2218
428 2222
429 2231
430 2242
431 2247
432 2257
433 2258
434 2256
435 2389
436 2703
437 2931
438 3035
439 3209
440 2935
441 2755
442 2829
443 3106
444 3092
445 3144
446 3117
447 3174
448 3178
449 3125
450 3218
451 3232
452 3160
453 3190
454 3108
455 3038
456 3219
457 3282
458 2539
459 2514
460 2395
461 2410
462 2403
463 2406
464 2411
465 2423
466 2447
467 2437
468 2436
469 2443
470 2449
471 2447
472 2452
473 2455
474 2459
475 2475
476 2480
477 2486
478 2489
479 2490
480 2496
481 2499
482 2506
483 2510
484 2514
485 2522
486 2535
487 2638
488 2557
489 2538
490 2552
491 2598
492 2558
493 2637
494 2565
495 2577
496 2580
497 2586
498 2775
499 2741
500 2596
501 2602
502 2606
503 2610
504 2617
505 2624
506 2628
507 2633
508 2641
509 2650
510 2653
511 2719
512 2665
513 2668
514 2671
515 2668
516 2675
517 3390
518 3022
519 3311
520 3174
521 3423
522 3573
523 3307
524 2759
525 2729
526 3493
527 3222
528 2840
529 3055
530 2870
531 2921
532 2926
533 2769
534 2770
535 2781
536 2845
537 2795
538 2801
539 2801
540 2807
541 2801
542 2809
543 2893
544 2825
545 2830
546 2833
547 2841
548 2849
549 2854
550 2855
551 2855
552 2867
553 2865
554 2877
555 2878
556 3032
557 2890
558 2887
559 2903
560 2899
561 2972
562 3132
563 2919
564 2922
565 2932
566 2935
567 2937
568 2945
569 2946
570 2959
571 2962
572 2972
573 2977
574 2985
575 2985
576 2994
577 2991
578 2991
579 3002
580 3014
581 3015
582 3019
583 3020
584 3026
585 3035
586 3038
587 3047
588 3178
589 3791
590 6816
591 3183
592 3073
593 3077
594 3080
595 3080
596 3083
597 3084
598 3099
599 3100
600 3109
601 3117
602 3121
603 3121
604 3131
605 3131
606 3140
607 3144
608 3146
609 3158
610 3439
611 3172
612 3172
613 3182
614 3183
615 3194
616 3200
617 3202
618 3210
619 3314
620 3216
621 3227
622 3226
623 3529
624 3375
625 3580
626 3610
627 3538
628 3250
629 3253
630 3263
631 3276
632 3273
633 3286
634 3284
635 3286
636 3297
637 3299
638 3307
639 3305
640 3317
641 3317
642 3326
643 3341
644 3339
645 3342
646 3351
647 3358
648 3359
649 3363
650 3371
651 3371
652 3385
653 3418
654 3462
655 3387
656 3399
657 3405
658 3410
659 3412
660 3422
661 3422
662 3433
663 3432
664 3436
665 3443
666 3715
667 3449
668 4009
669 4007
670 3523
671 3603
672 4286
673 4491
674 3525
675 3790
676 4475
677 4128
678 5037
679 4708
680 3528
681 3510
682 3527
683 3528
684 4006
685 3551
686 3561
687 3560
688 4018
689 3708
690 3581
691 3583
692 3581
693 3585
694 3594
695 3594
696 3604
697 3607
698 3613
699 3610
700 3623
701 3629
702 3627
703 3639
704 3640
705 3642
706 3661
707 3659
708 3655
709 3671
710 3673
711 3677
712 3682
713 3684
714 3694
715 3990
716 3848
717 3711
718 3823
719 3734
720 3911
721 3731
722 3743
723 3743
724 3758
725 3757
726 3754
727 3747
728 3763
729 3884
730 3964
731 3769
732 3784
733 3776
734 3784
735 3801
736 3804
737 3813
738 3815
739 3817
740 3828
741 3826
742 4038
743 5273
744 5419
745 5597
746 5531
747 5558
748 5452
749 5675
750 5588
751 5599
752 7353
753 5668
754 5481
755 7555
756 5463
757 5542
758 5502
759 5232
760 5600
761 5606
762 5611
763 5685
764 5678
765 5691
766 5741
767 5785
768 5774
769 5794
770 7344
771 5806
772 5807
773 5831
774 5829
775 5864
776 5849
777 5698
778 4163
779 4585
780 4268
781 4690
782 5249
783 5434
784 9434
785 5675
786 5673
787 5763
788 5935
789 6171
790 5823
791 5634
792 5804
793 5801
794 5803
795 5727
796 5756
797 5817
798 5856
799 5860
800 6120
801 5919
802 6000
803 5968
804 7814
805 6092
806 6047
807 6059
808 4421
809 4332
810 4217
811 5227
812 5934
813 6051
814 4683
815 6195
816 6189
817 6185
818 6214
819 6291
820 6099
821 4726
822 4243
823 4246
824 4251
825 4245
826 4260
827 4274
828 4271
829 4272
830 4272
831 4292
832 4298
833 4300
834 4420
835 4448
836 4320
837 4318
838 4334
839 4337
840 4341
841 4349
842 4354
843 4356
844 4364
845 4370
846 4369
847 4376
848 4379
849 4389
850 4391
851 4401
852 4396
853 4399
854 4405
855 4613
856 4419
857 4426
858 4434
859 4438
860 4434
861 4453
862 4459
863 4459
864 4467
865 4470
866 4478
867 4480
868 4482
869 4485
870 4492
871 4497
872 4512
873 4509
874 4506
875 4523
876 4523
877 4525
878 4531
879 4540
880 4545
881 4550
882 4549
883 4565
884 4867
885 4608
886 6050
887 4710
888 4590
889 4764
890 4606
891 6134
892 4656
893 4705
894 6919
895 4622
896 4625
897 4628
898 4639
899 4786
900 4653
901 4660
902 4656
903 4662
904 4676
905 4678
906 4678
907 4688
908 4689
909 4691
910 4696
911 4711
912 4717
913 4721
914 4724
915 4734
916 4731
917 4736
918 4748
919 4749
920 4928
921 4752
922 4767
923 4771
924 4773
925 4778
926 4785
927 4788
928 4800
929 5270
930 4811
931 4810
932 4818
933 4824
934 4827
935 4840
936 4844
937 4851
938 4850
939 4857
940 4854
941 4863
942 4866
943 4882
944 13238
945 4881
946 4885
947 4880
948 4897
949 4890
950 4898
951 4904
952 4913
953 4919
954 4922
955 4924
956 4935
957 4935
958 5250
959 4950
960 4949
961 4961
962 4967
963 5110
964 5069
965 4983
966 4990
967 4988
968 4997
969 4997
970 5007
971 5011
972 5016
973 5019
974 5018
975 5045
976 5453
977 5038
978 5051
979 5051
980 5053
981 5059
982 5070
983 5072
984 5072
985 5077
986 5088
987 5101
988 5100
989 5108
990 5108
991 5120
992 5132
993 5124
994 5148
995 5184
996 5641
997 6572
998 5350
999 5152
1000 5319
