1 233
2 53
3 54
4 53
5 56
6 65
7 71
8 70
9 98
10 93
11 81
12 96
13 96
14 103
15 175
16 240
17 239
18 226
19 185
20 190
21 200
22 204
23 264
24 363
25 323
26 237
27 239
28 263
29 254
30 271
31 270
32 278
33 306
34 317
35 338
36 339
37 349
38 350
39 363
40 365
41 373
42 383
43 379
44 408
45 405
46 406
47 415
48 416
49 430
50 440
51 451
52 466
53 474
54 460
55 446
56 518
57 478
58 513
59 522
60 494
61 524
62 532
63 534
64 541
65 557
66 560
67 598
68 627
69 659
70 631
71 658
72 662
73 673
74 686
75 686
76 703
77 707
78 724
79 722
80 739
81 723
82 727
83 737
84 748
85 746
86 754
87 769
88 783
89 783
90 780
91 802
92 769
93 734
94 761
95 785
96 736
97 740
98 783
99 751
100 763
101 797
102 806
103 810
104 807
105 862
106 860
107 826
108 804
109 836
110 986
111 973
112 1000
113 936
114 899
115 932
116 919
117 922
118 929
119 936
120 931
121 944
122 1087
123 1075
124 1058
125 1093
126 1080
127 1378
128 1120
129 912
130 1052
131 1090
132 1116
133 1115
134 1132
135 1160
136 1128
137 1193
138 1172
139 1159
140 1196
141 1184
142 1181
143 1203
144 1233
145 1438
146 1396
147 1238
148 1202
149 1241
150 980
151 798
152 801
153 808
154 811
155 817
156 825
157 832
158 856
159 854
160 852
161 852
162 855
163 910
164 864
165 870
166 868
167 892
168 919
169 921
170 902
171 904
172 913
173 997
174 1256
175 1218
176 928
177 934
178 941
179 955
180 951
181 961
182 1221
183 1340
184 1369
185 1409
186 1160
187 1285
188 1478
189 1414
190 1010
191 1223
192 1367
193 1456
194 1457
195 1416
196 1485
197 1491
198 1515
199 1517
200 1557
201 1507
202 1550
203 1538
204 1556
205 1555
206 1555
207 1567
208 1586
209 1579
210 1591
211 1610
212 1666
213 1617
214 1619
215 1620
216 1628
217 1637
218 1640
219 1656
220 1662
221 1667
222 1615
223 1678
224 1711
225 1848
226 1695
227 1746
228 1730
229 1746
230 1753
231 1738
232 1776
233 1801
234 1780
235 1765
236 1791
237 1912
238 1804
239 1682
240 1534
241 1824
242 1825
243 1830
244 1843
245 1851
246 1846
247 1870
248 1867
249 1866
250 1912
251 1863
252 1868
253 1878
254 1876
255 1908
256 1935
257 1900
258 1917
259 1925
260 1937
261 1947
262 2003
263 1844674407370418492
264 1975
265 1901
266 1493
267 1404
268 1415
269 1418
270 1419
271 1431
272 1434
273 1444
274 1544
275 1447
276 1449
277 1445
278 1469
279 1472
280 1460
281 1470
282 1463
283 1476
284 1493
285 1473
286 1502
287 1564
288 1512
289 1507
290 1528
291 1643
292 1962
293 1623
294 1537
295 1542
296 1548
297 1568
298 1558
299 1556
300 1568
301 1586
302 1571
303 1689
304 1599
305 1577
306 1585
307 1596
308 1608
309 1621
310 1620
311 1617
312 1631
313 1646
314 1641
315 1651
316 1784
317 1723
318 1798
319 1655
320 1660
321 1664
322 1685
323 1681
324 1708
325 2346
326 1980
327 2045
328 2089
329 1945
330 1768
331 1711
332 1747
333 1739
334 1959
335 2236
336 1874
337 1771
338 2033
339 1894
340 1959
341 1779
342 1790
343 1783
344 1794
345 1790
346 1919
347 1811
348 1822
349 1823
350 1834
351 1829
352 1848
353 1986
354 1843
355 1852
356 1845
357 1949
358 1867
359 1933
360 1873
361 1880
362 1873
363 1879
364 1896
365 2046
366 1920
367 1967
368 2150
369 1928
370 1917
371 1902
372 1913
373 1918
374 1942
375 1950
376 1947
377 1943
378 2447
379 1960
380 1969
381 1988
382 1994
383 2019
384 1984
385 1991
386 1994
387 2007
388 2013
389 2023
390 2104
391 2120
392 2024
393 2043
394 2039
395 2034
396 2039
397 2056
398 2043
399 2054
400 2084
401 2073
402 2093
403 2259
404 2090
405 2095
406 2114
407 2090
408 2120
409 2130
410 2137
411 2159
412 2131
413 2133
414 2161
415 2152
416 2355
417 2171
418 2181
419 2170
420 2361
421 2256
422 2169
423 2174
424 2203
425 2202
426 2200
427 2211
428 2320
429 2300
430 2247
431 2221
432 2231
433 2236
434 2227
435 2258
436 2233
437 2259
438 2260
439 2247
440 2261
441 2488
442 2475
443 3448
444 3383
445 3346
446 3385
447 3350
448 3370
449 3386
450 3394
451 3393
452 3412
453 3401
454 3517
455 3584
456 3462
457 3480
458 3286
459 3105
460 3471
461 3489
462 3506
463 3528
464 3519
465 3880
466 3851
467 4105
468 3820
469 3671
470 3673
471 3695
472 3679
473 3736
474 3701
475 3654
476 3650
477 3991
478 3496
479 3866
480 3955
481 3566
482 3758
483 3807
484 3780
485 3798
486 3806
487 3805
488 3682
489 2768
490 2496
491 2709
492 3463
493 2553
494 2521
495 2567
496 2572
497 2544
498 2626
499 2851
500 2621
501 2668
502 2549
503 2566
504 2559
505 2572
506 2600
507 2594
508 2883
509 3183
510 2603
511 2603
512 2602
513 2617
514 2624
515 2626
516 2628
517 2635
518 2652
519 2782
520 2665
521 2947
522 2670
523 2664
524 2698
525 2698
526 2695
527 2703
528 2699
529 2856
530 3461
531 2710
532 2705
533 2970
534 2723
535 2733
536 2830
537 2733
538 2734
539 2759
540 2761
541 2763
542 2755
543 2765
544 2787
545 2912
546 3032
547 2807
548 2789
549 2803
550 2817
551 2827
552 2809
553 2817
554 2838
555 2835
556 2843
557 3084
558 2868
559 2860
560 2856
561 2870
562 2876
563 3459
564 3332
565 2867
566 2856
567 2869
568 2899
569 2899
570 2907
571 2923
572 2916
573 2932
574 2923
575 2945
576 2932
577 2941
578 2938
579 2970
580 2952
581 2964
582 2989
583 2978
584 3266
585 3102
586 3141
587 3112
588 3007
589 3014
590 3138
591 3684
592 3021
593 3033
594 3043
595 3040
596 3200
597 3143
598 3031
599 3039
600 3056
601 3027
602 3044
603 3197
604 3283
605 3073
606 3066
607 3360
608 3061
609 3074
610 3083
611 3099
612 3113
613 3108
614 3120
615 3125
616 3271
617 3149
618 3153
619 3424
620 3173
621 3189
622 3177
623 3172
624 3178
625 3199
626 3188
627 3198
628 3219
629 3242
630 3256
631 3215
632 3218
633 3211
634 3219
635 3191
636 3914
637 3224
638 3199
639 3242
640 3231
641 4165
642 3339
643 3404
644 4083
645 3266
646 3448
647 3586
648 4570
649 3746
650 3387
651 3379
652 3322
653 3328
654 3333
655 4883
656 3644
657 3910
658 3380
659 3386
660 3685
661 3394
662 3402
663 3408
664 3566
665 3525
666 3391
667 3423
668 3540
669 3544
670 3553
671 3542
672 3834
673 3571
674 3574
675 3602
676 3609
677 3586
678 3615
679 3599
680 3617
681 3605
682 3740
683 3625
684 3626
685 3638
686 3643
687 3637
688 3654
689 3656
690 4260
691 3673
692 3677
693 3690
694 3702
695 3933
696 4700
697 4048
698 3725
699 3739
700 3723
701 3732
702 4397
703 4084
704 4087
705 4142
706 4121
707 3605
708 3632
709 3623
710 3918
711 3627
712 3652
713 3643
714 3657
715 3649
716 4076
717 3713
718 3671
719 3671
720 3689
721 3675
722 3907
723 3699
724 3705
725 3725
726 3719
727 4058
728 3736
729 3744
730 3746
731 3767
732 4443
733 6135
734 6123
735 5707
736 5718
737 5737
738 5769
739 5750
740 5783
741 5668
742 5813
743 5789
744 5795
745 5815
746 5852
747 5839
748 5821
749 5889
750 5673
751 5848
752 5873
753 5909
754 5903
755 5903
756 6243
757 4924
758 4228
759 4330
760 3881
761 4195
762 5442
763 4286
764 4129
765 4246
766 3909
767 3893
768 3938
769 3903
770 3902
771 4549
772 3938
773 3946
774 4088
775 3927
776 3941
777 3968
778 3950
779 3963
780 3978
781 3959
782 3965
783 3977
784 3976
785 3981
786 4008
787 4631
788 4015
789 4011
790 4002
791 4011
792 4019
793 4035
794 4038
795 4100
796 4294
797 4063
798 4048
799 4056
800 4062
801 4073
802 5386
803 4226
804 4078
805 4093
806 4091
807 4100
808 4111
809 4126
810 4105
811 4113
812 4098
813 4115
814 4120
815 4126
816 4138
817 4125
818 4451
819 4183
820 4479
821 4215
822 4172
823 4177
824 4173
825 4182
826 4187
827 4191
828 4590
829 4203
830 4223
831 4239
832 4262
833 4271
834 4277
835 4245
836 4608
837 4269
838 4462
839 4250
840 4245
841 4230
842 4244
843 4261
844 4266
845 4287
846 4287
847 4274
848 4281
849 4286
850 4283
851 4314
852 4327
853 5381
854 4505
855 4350
856 4347
857 4360
858 4351
859 4347
860 4382
861 4756
862 5266
863 1844674407370421319
864 5238
865 4392
866 4391
867 4415
868 4485
869 4414
870 4817
871 4674
872 4424
873 4489
874 4436
875 4498
876 4493
877 4666
878 7838
879 4601
880 5384
881 11182
882 6970
883 10269
884 6987
885 6504
886 7454
887 6853
888 6402
889 5229
890 4556
891 4492
892 9563
893 8375
894 7911
895 8783
896 7997
897 7640
898 7757
899 7969
900 7992
901 7973
902 7565
903 8034
904 8029
905 7980
906 8066
907 8044
908 8119
909 8114
910 8966
911 8181
912 8200
913 5327
914 5578
915 8052
916 8173
917 8189
918 8119
919 8177
920 9110
921 8035
922 7506
923 8464
924 8871
925 7214
926 4729
927 4741
928 4759
929 4766
930 5098
931 4741
932 4942
933 4729
934 4740
935 5162
936 4744
937 4757
938 5589
939 4736
940 4749
941 4757
942 5075
943 8456
944 7551
945 7587
946 7510
947 7248
948 7352
949 7266
950 7377
951 7395
952 7440
953 7425
954 7459
955 7435
956 7420
957 7441
958 7440
959 7450
960 7888
961 7476
962 7530
963 7442
964 7318
965 7459
966 6872
967 6406
968 6506
969 7119
970 5330
971 5849
972 5134
973 4942
974 4937
975 4934
976 4937
977 4944
978 5297
979 4960
980 4945
981 4958
982 4966
983 4986
984 5260
985 5172
986 4993
987 5000
988 5017
989 5022
990 5011
991 5025
992 5026
993 5024
994 5030
995 5056
996 5487
997 5030
998 5069
999 5052
1000 5083
