1 101
2 39
3 35
4 38
5 50
6 60
7 58
8 70
9 65
10 67
11 74
12 85
13 86
14 97
15 96
16 101
17 128
18 111
19 118
20 121
21 128
22 132
23 139
24 141
25 146
26 157
27 161
28 162
29 178
30 197
31 182
32 184
33 189
34 193
35 203
36 206
37 205
38 215
39 228
40 281
41 274
42 338
43 266
44 277
45 277
46 287
47 290
48 296
49 304
50 306
51 309
52 313
53 317
54 323
55 328
56 337
57 339
58 344
59 349
60 358
61 358
62 362
63 367
64 372
65 381
66 382
67 388
68 395
69 401
70 407
71 413
72 418
73 425
74 427
75 437
76 440
77 445
78 450
79 450
80 454
81 464
82 468
83 470
84 479
85 483
86 489
87 490
88 498
89 497
90 507
91 510
92 516
93 524
94 527
95 530
96 541
97 542
98 555
99 553
100 561
101 564
102 571
103 576
104 611
105 605
106 592
107 593
108 599
109 627
110 614
111 613
112 622
113 625
114 632
115 636
116 655
117 664
118 748
119 655
120 664
121 685
122 669
123 694
124 681
125 684
126 689
127 696
128 702
129 821
130 767
131 714
132 724
133 726
134 730
135 750
136 742
137 745
138 755
139 759
140 911
141 984
142 811
143 920
144 839
145 809
146 797
147 939
148 938
149 806
150 811
151 820
152 819
153 825
154 836
155 840
156 843
157 846
158 852
159 961
160 865
161 872
162 902
163 879
164 883
165 890
166 899
167 899
168 908
169 912
170 918
171 926
172 930
173 938
174 937
175 949
176 949
177 957
178 960
179 964
180 969
181 973
182 981
183 986
184 994
185 998
186 1001
187 1005
188 1009
189 1018
190 1047
191 1025
192 1031
193 1040
194 1044
195 1125
196 1114
197 1105
198 1113
199 1207
200 1176
201 1095
202 1171
203 1087
204 1093
205 1101
206 1099
207 1118
208 1115
209 1116
210 1127
211 1131
212 1135
213 1140
214 1142
215 1151
216 1151
217 1156
218 1165
219 1172
220 1174
221 1177
222 1181
223 1260
224 1196
225 1251
226 1319
227 1212
228 1217
229 1219
230 1226
231 1249
232 1238
233 1297
234 1419
235 1249
236 1263
237 1268
238 1311
239 1274
240 1278
241 1296
242 1285
243 1294
244 1295
245 1301
246 1312
247 1706
248 1325
249 1320
250 1332
251 1336
252 1371
253 1548
254 1347
255 1363
256 1366
257 1364
258 1366
259 1372
260 1533
261 1474
262 1392
263 1392
264 1396
265 1403
266 1410
267 1415
268 1418
269 1423
270 1429
271 1435
272 1442
273 1449
274 1449
275 1453
276 1462
277 1464
278 1467
279 1473
280 1477
281 1486
282 1488
283 1499
284 1500
285 1508
286 1509
287 1509
288 1525
289 1526
290 1532
291 1534
292 1543
293 1544
294 1557
295 1548
296 1569
297 1564
298 1574
299 1579
300 1583
301 1589
302 1591
303 1586
304 1601
305 1604
306 1609
307 1617
308 1624
309 1632
310 1634
311 1640
312 1958
313 1802
314 1655
315 1658
316 1664
317 1670
318 1745
319 1679
320 1679
321 1688
322 1701
323 1699
324 1702
325 1754
326 1970
327 2186
328 2320
329 2461
330 2388
331 2273
332 2262
333 2240
334 2203
335 1957
336 1758
337 1768
338 1767
339 2029
340 2221
341 2371
342 2364
343 2413
344 2333
345 2362
346 2326
347 2342
348 2429
349 2512
350 2441
351 2416
352 2451
353 2213
354 2137
355 1871
356 2046
357 1872
358 1951
359 1884
360 1950
361 1899
362 1897
363 1898
364 1907
365 1910
366 1912
367 1928
368 1928
369 1929
370 1944
371 1940
372 1947
373 1944
374 1959
375 1964
376 1962
377 1992
378 1979
379 1984
380 2038
381 2479
382 1997
383 2290
384 2592
385 3001
386 2668
387 3855
388 3354
389 2830
390 2975
391 2987
392 3018
393 3004
394 3005
395 3019
396 3018
397 3031
398 3023
399 3035
400 2901
401 2734
402 3030
403 3067
404 3108
405 2995
406 3098
407 3093
408 3138
409 3142
410 3123
411 3209
412 3112
413 4146
414 3436
415 4491
416 3176
417 3151
418 3139
419 3184
420 3136
421 3320
422 4346
423 2723
424 3242
425 3216
426 3264
427 3244
428 3327
429 4426
430 3440
431 3269
432 3274
433 3270
434 3293
435 3292
436 3291
437 3274
438 3314
439 3235
440 3289
441 3194
442 3329
443 3360
444 3378
445 3396
446 3403
447 3400
448 3231
449 3326
450 3274
451 3358
452 3241
453 3219
454 3340
455 3360
456 3385
457 2992
458 2460
459 2481
460 2527
461 2799
462 2543
463 2659
464 2613
465 2420
466 2709
467 2543
468 2814
469 3292
470 3221
471 3150
472 3327
473 3355
474 3264
475 3512
476 3640
477 3548
478 3259
479 4523
480 3442
481 3386
482 3470
483 3419
484 3557
485 3448
486 3449
487 3248
488 3555
489 3430
490 4449
491 3425
492 3592
493 3625
494 3587
495 4021
496 3528
497 3549
498 3977
499 3295
500 3307
501 3425
502 3490
503 3067
504 2803
505 2705
506 3081
507 3263
508 3474
509 3557
510 3390
511 3525
512 3356
513 3438
514 3449
515 3507
516 3443
517 3505
518 3398
519 3143
520 3053
521 2763
522 2777
523 2895
524 3379
525 3098
526 2866
527 2742
528 2961
529 2883
530 3082
531 3168
532 2906
533 2813
534 2870
535 2822
536 3271
537 3501
538 3655
539 3534
540 3533
541 3069
542 2813
543 3006
544 3420
545 3068
546 2878
547 3033
548 3150
549 3681
550 3640
551 3678
552 3685
553 3674
554 3769
555 3079
556 2885
557 2888
558 2898
559 2903
560 2912
561 2919
562 2968
563 2929
564 2928
565 2936
566 3496
567 3514
568 3435
569 3748
570 3229
571 3085
572 2974
573 3129
574 3072
575 3007
576 2991
577 3152
578 3728
579 3590
580 3492
581 3406
582 3069
583 3074
584 3088
585 3328
586 3542
587 3089
588 3089
589 3313
590 3442
591 3198
592 3212
593 3083
594 3087
595 3096
596 3997
597 3201
598 3481
599 3870
600 3118
601 3302
602 3254
603 3527
604 3798
605 3153
606 3257
607 3204
608 3164
609 3160
610 3168
611 4003
612 4079
613 3663
614 3675
615 3410
616 3611
617 3705
618 3243
619 3295
620 3527
621 4098
622 3632
623 3872
624 3438
625 4048
626 3950
627 4161
628 3558
629 3898
630 4115
631 4041
632 3450
633 3318
634 3484
635 3342
636 3660
637 3727
638 3807
639 3548
640 4132
641 3742
642 3521
643 3546
644 4285
645 3565
646 3478
647 3570
648 3822
649 3435
650 3523
651 3487
652 3536
653 3489
654 3826
655 3947
656 3524
657 3410
658 3483
659 4167
660 3946
661 3604
662 3674
663 3620
664 3452
665 3715
666 3638
667 3776
668 3651
669 3522
670 3761
671 3659
672 4150
673 4363
674 4235
675 3765
676 3863
677 3780
678 3516
679 3695
680 3728
681 3939
682 3736
683 3694
684 3751
685 3548
686 4142
687 3794
688 3563
689 4115
690 4062
691 4086
692 4211
693 3852
694 3596
695 3760
696 3773
697 3860
698 4035
699 3725
700 3755
701 3837
702 3859
703 4122
704 3868
705 3863
706 3658
707 3755
708 4190
709 3677
710 3835
711 4169
712 3971
713 3688
714 3996
715 3989
716 4168
717 3903
718 3832
719 3812
720 3940
721 3736
722 3899
723 4223
724 3960
725 3924
726 3978
727 4192
728 3840
729 3920
730 3894
731 4196
732 4028
733 3995
734 3861
735 4144
736 5022
737 4028
738 4075
739 4001
740 4325
741 4121
742 4082
743 4097
744 5139
745 4695
746 4055
747 4553
748 3883
749 4783
750 4326
751 4188
752 4203
753 4197
754 4066
755 3906
756 4112
757 4543
758 3925
759 4105
760 4580
761 4044
762 4796
763 4480
764 4452
765 4947
766 4448
767 4341
768 4675
769 4681
770 4483
771 4729
772 4440
773 4304
774 4767
775 4589
776 4713
777 5304
778 4570
779 4778
780 4368
781 4498
782 5270
783 4688
784 4577
785 4232
786 4455
787 5237
788 4943
789 4778
790 5193
791 4893
792 4592
793 4583
794 4369
795 4706
796 4336
797 4499
798 4303
799 4599
800 4328
801 4358
802 4376
803 4286
804 4934
805 4390
806 4415
807 4564
808 4278
809 4330
810 4511
811 4878
812 4889
813 4402
814 4427
815 5008
816 4466
817 6023
818 4910
819 4367
820 4841
821 4365
822 4320
823 4261
824 4268
825 4275
826 4275
827 4459
828 5100
829 4499
830 4292
831 4741
832 4295
833 4305
834 4427
835 5170
836 4634
837 4499
838 4484
839 4342
840 4415
841 4478
842 4423
843 5132
844 5599
845 5619
846 5385
847 5325
848 5633
849 4924
850 4530
851 4699
852 4671
853 4410
854 4681
855 5306
856 5539
857 5514
858 5036
859 4702
860 4676
861 4687
862 4462
863 4480
864 4830
865 4691
866 4482
867 5089
868 4702
869 5080
870 4681
871 4939
872 5100
873 5027
874 4835
875 4718
876 4783
877 4731
878 4982
879 5124
880 5657
881 5305
882 4681
883 4724
884 4817
885 5026
886 4797
887 4789
888 5209
889 4782
890 4633
891 4807
892 5156
893 5336
894 4893
895 4750
896 4672
897 4757
898 5250
899 4714
900 5063
901 5373
902 4717
903 4989
904 5033
905 4677
906 4897
907 5416
908 4874
909 4907
910 5318
911 4848
912 4977
913 5265
914 4920
915 4928
916 4819
917 4926
918 5230
919 4746
920 4929
921 5078
922 4990
923 6259
924 6312
925 6682
926 6749
927 6513
928 6577
929 6995
930 6819
931 9117
932 7417
933 6903
934 7063
935 5224
936 4839
937 4835
938 4840
939 4853
940 4858
941 4857
942 4908
943 6051
944 5341
945 6181
946 5502
947 5042
948 4973
949 5378
950 5066
951 5346
952 5437
953 5249
954 5462
955 5141
956 4939
957 5307
958 4946
959 4958
960 4961
961 4965
962 4975
963 4977
964 4983
965 4985
966 4997
967 5780
968 4998
969 5002
970 5008
971 5016
972 5019
973 5028
974 5027
975 5032
976 5040
977 5041
978 5056
979 5057
980 5059
981 5070
982 5071
983 5076
984 5084
985 5098
986 5093
987 5100
988 5707
989 5494
990 5126
991 5220
992 5134
993 5151
994 5139
995 5138
996 5139
997 5146
998 5151
999 5162
1000 5178
